2025-01-14 15:15:29,869 args = Namespace(data='../data', dataset='cifar10', method='darts-sam', search_space='nas-bench-201', batch_size=64, learning_rate=0.025, learning_rate_min=0.001, momentum=0.9, weight_decay=0.0003, report_freq=50, gpu='auto', epochs=50, init_channels=16, layers=8, model_path='saved_models', cutout=False, cutout_length=16, cutout_prob=1.0, save='../experiments/nasbench201/search-darts-201-0-darts-sam', seed=0, grad_clip=5, train_portion=0.5, arch_learning_rate=0.0003, arch_weight_decay=0.001, fast=False, resume_epoch=0, resume_expid='', dev=None, ckpt_interval=10, expid_tag='none', log_tag='', edge_decision='random', proj_crit='acc', proj_intv=5, rho_alpha=0.01)
2025-01-14 15:15:29,870 gpu device = 0
2025-01-14 15:15:54,443 param size = 1.686106MB
2025-01-14 15:16:04,246 epoch 0 lr 2.500000e-02
2025-01-14 15:16:04,277 genotype = Structure(4 nodes with |nor_conv_3x3~0|+|skip_connect~0|none~1|+|none~0|skip_connect~1|nor_conv_1x1~2|)
2025-01-14 15:16:04,307 tensor([[0.1998, 0.1996, 0.1998, 0.2004, 0.2004],
        [0.1998, 0.2003, 0.2001, 0.1999, 0.2000],
        [0.2004, 0.1999, 0.1999, 0.2000, 0.1997],
        [0.2004, 0.1999, 0.1998, 0.2001, 0.1999],
        [0.1999, 0.2002, 0.2000, 0.2000, 0.1999],
        [0.2000, 0.2001, 0.2002, 0.2001, 0.1996]], grad_fn=<ToCopyBackward0>)
2025-01-14 15:16:07,578 train 000 2.329854e+00 10.937500 56.250000
2025-01-14 15:16:55,427 train 050 2.107612e+00 20.649511 71.844368
2025-01-14 15:17:44,047 train 100 2.034256e+00 24.257425 76.454208
2025-01-14 15:18:32,771 train 150 1.981209e+00 25.620861 78.797600
2025-01-14 15:19:21,623 train 200 1.937980e+00 26.811256 80.371574
2025-01-14 15:20:09,214 train 250 1.900108e+00 28.274403 81.754234
2025-01-14 15:20:57,351 train 300 1.872935e+00 29.147633 82.677528
2025-01-14 15:21:45,619 train 350 1.847304e+00 30.230591 83.426819
2025-01-14 15:22:24,031 train_acc  30.970268
2025-01-14 15:22:24,034 train_loss 1.827025
2025-01-14 15:22:56,555 valid_acc  38.371998
2025-01-14 15:22:56,555 valid_loss 1.669160
2025-01-14 15:22:56,557 |avg_pool_3x3~0|+|skip_connect~0|none~1|+|none~0|skip_connect~1|nor_conv_1x1~2|
datasets : ['cifar10-valid', 'cifar10', 'cifar100', 'ImageNet16-120'], extra-info : arch-index=9178
cifar10-valid  FLOP= 11.72 M, Params=0.101 MB, latency=13.77 ms.
cifar10-valid  train : [loss = 0.031, top1 = 99.35%], valid : [loss = 0.624, top1 = 85.40%]
cifar10        FLOP= 11.72 M, Params=0.101 MB, latency=12.31 ms.
cifar10        train : [loss = 0.071, top1 = 97.75%], test  : [loss = 0.405, top1 = 88.93%]
cifar100       FLOP= 11.72 M, Params=0.107 MB, latency=11.05 ms.
cifar100       train : [loss = 0.719, top1 = 79.09%], valid : [loss = 1.372, top1 = 63.28%], test : [loss = 1.367, top1 = 64.26%]
ImageNet16-120 FLOP=  2.94 M, Params=0.108 MB, latency=12.49 ms.
ImageNet16-120 train : [loss = 2.529, top1 = 36.16%], valid : [loss = 2.644, top1 = 33.63%], test : [loss = 2.684, top1 = 34.33%]
2025-01-14 15:22:56,557 cifar10 train 97.750000 test 88.930000
2025-01-14 15:22:56,557 cifar100 train 79.090000 valid 63.280000 test 64.260000
2025-01-14 15:22:56,557 imagenet16 train 36.160000 valid 33.630000 test 34.330000
2025-01-14 15:22:56,575 epoch 1 lr 2.495266e-02
2025-01-14 15:22:56,576 genotype = Structure(4 nodes with |avg_pool_3x3~0|+|skip_connect~0|none~1|+|none~0|skip_connect~1|nor_conv_1x1~2|)
2025-01-14 15:22:56,576 tensor([[0.1998, 0.1996, 0.1998, 0.2004, 0.2005],
        [0.1997, 0.2003, 0.2001, 0.1999, 0.2000],
        [0.2005, 0.1999, 0.1999, 0.2000, 0.1998],
        [0.2003, 0.1999, 0.1997, 0.2001, 0.1999],
        [0.1999, 0.2003, 0.1999, 0.2000, 0.2000],
        [0.2000, 0.2001, 0.2002, 0.2001, 0.1996]], grad_fn=<ToCopyBackward0>)
2025-01-14 15:22:57,613 train 000 1.711888e+00 35.937500 81.250000
2025-01-14 15:23:46,051 train 050 1.643837e+00 38.388481 88.970589
2025-01-14 15:24:34,124 train 100 1.652197e+00 38.258045 88.830444
2025-01-14 15:25:22,281 train 150 1.638528e+00 38.907284 88.927979
2025-01-14 15:26:10,360 train 200 1.621928e+00 39.435635 89.202423
2025-01-14 15:26:57,631 train 250 1.604761e+00 40.164345 89.572960
2025-01-14 15:27:45,847 train 300 1.591128e+00 40.578281 89.950165
2025-01-14 15:28:34,133 train 350 1.580870e+00 40.954414 90.104164
2025-01-14 15:29:12,910 train_acc  41.248402
2025-01-14 15:29:12,912 train_loss 1.572789
2025-01-14 15:29:44,867 valid_acc  41.371998
2025-01-14 15:29:44,867 valid_loss 1.582381
2025-01-14 15:29:44,869 |avg_pool_3x3~0|+|skip_connect~0|none~1|+|none~0|skip_connect~1|nor_conv_1x1~2|
datasets : ['cifar10-valid', 'cifar10', 'cifar100', 'ImageNet16-120'], extra-info : arch-index=9178
cifar10-valid  FLOP= 11.72 M, Params=0.101 MB, latency=13.77 ms.
cifar10-valid  train : [loss = 0.031, top1 = 99.35%], valid : [loss = 0.624, top1 = 85.40%]
cifar10        FLOP= 11.72 M, Params=0.101 MB, latency=12.31 ms.
cifar10        train : [loss = 0.071, top1 = 97.75%], test  : [loss = 0.405, top1 = 88.93%]
cifar100       FLOP= 11.72 M, Params=0.107 MB, latency=11.05 ms.
cifar100       train : [loss = 0.719, top1 = 79.09%], valid : [loss = 1.372, top1 = 63.28%], test : [loss = 1.367, top1 = 64.26%]
ImageNet16-120 FLOP=  2.94 M, Params=0.108 MB, latency=12.49 ms.
ImageNet16-120 train : [loss = 2.529, top1 = 36.16%], valid : [loss = 2.644, top1 = 33.63%], test : [loss = 2.684, top1 = 34.33%]
2025-01-14 15:29:44,869 cifar10 train 97.750000 test 88.930000
2025-01-14 15:29:44,869 cifar100 train 79.090000 valid 63.280000 test 64.260000
2025-01-14 15:29:44,869 imagenet16 train 36.160000 valid 33.630000 test 34.330000
2025-01-14 15:29:44,882 epoch 2 lr 2.483464e-02
2025-01-14 15:29:44,882 genotype = Structure(4 nodes with |avg_pool_3x3~0|+|skip_connect~0|none~1|+|none~0|skip_connect~1|nor_conv_1x1~2|)
2025-01-14 15:29:44,883 tensor([[0.1998, 0.1996, 0.1997, 0.2004, 0.2005],
        [0.1997, 0.2003, 0.2000, 0.2000, 0.2000],
        [0.2004, 0.1999, 0.1999, 0.2001, 0.1997],
        [0.2003, 0.1999, 0.1998, 0.2000, 0.1999],
        [0.1999, 0.2003, 0.1999, 0.1999, 0.2000],
        [0.2000, 0.2002, 0.2002, 0.2000, 0.1996]], grad_fn=<ToCopyBackward0>)
2025-01-14 15:29:45,737 train 000 1.337807e+00 50.000000 96.875000
2025-01-14 15:30:33,850 train 050 1.434951e+00 45.925247 92.371330
2025-01-14 15:31:21,276 train 100 1.430912e+00 46.209778 92.558784
2025-01-14 15:32:09,186 train 150 1.421684e+00 46.885349 92.601410
2025-01-14 15:32:57,147 train 200 1.412795e+00 47.038246 92.723877
2025-01-14 15:33:44,441 train 250 1.403674e+00 47.628239 92.866035
2025-01-14 15:34:32,377 train 300 1.390970e+00 48.068935 93.049210
2025-01-14 15:35:20,408 train 350 1.387307e+00 48.228275 93.100067
2025-01-14 15:35:58,433 train_acc  48.485455
2025-01-14 15:35:58,435 train_loss 1.384109
2025-01-14 15:36:30,222 valid_acc  50.911999
2025-01-14 15:36:30,222 valid_loss 1.344217
2025-01-14 15:36:30,224 |nor_conv_3x3~0|+|skip_connect~0|none~1|+|none~0|skip_connect~1|nor_conv_1x1~2|
datasets : ['cifar10-valid', 'cifar10', 'cifar100', 'ImageNet16-120'], extra-info : arch-index=14987
cifar10-valid  FLOP= 47.10 M, Params=0.344 MB, latency=14.88 ms.
cifar10-valid  train : [loss = 0.006, top1 = 99.94%], valid : [loss = 0.473, top1 = 89.09%]
cifar10        FLOP= 47.10 M, Params=0.344 MB, latency=15.99 ms.
cifar10        train : [loss = 0.013, top1 = 99.76%], test  : [loss = 0.307, top1 = 92.31%]
cifar100       FLOP= 47.11 M, Params=0.350 MB, latency=15.28 ms.
cifar100       train : [loss = 0.314, top1 = 91.57%], valid : [loss = 1.261, top1 = 67.95%], test : [loss = 1.243, top1 = 68.19%]
ImageNet16-120 FLOP= 11.78 M, Params=0.351 MB, latency=13.10 ms.
ImageNet16-120 train : [loss = 2.031, top1 = 46.79%], valid : [loss = 2.303, top1 = 40.93%], test : [loss = 2.318, top1 = 41.24%]
2025-01-14 15:36:30,224 cifar10 train 99.760000 test 92.310000
2025-01-14 15:36:30,224 cifar100 train 91.570000 valid 67.950000 test 68.190000
2025-01-14 15:36:30,224 imagenet16 train 46.790000 valid 40.930000 test 41.240000
2025-01-14 15:36:30,237 epoch 3 lr 2.467010e-02
2025-01-14 15:36:30,238 genotype = Structure(4 nodes with |nor_conv_3x3~0|+|skip_connect~0|none~1|+|none~0|skip_connect~1|nor_conv_1x1~2|)
2025-01-14 15:36:30,239 tensor([[0.1998, 0.1996, 0.1998, 0.2004, 0.2004],
        [0.1997, 0.2003, 0.2001, 0.1999, 0.2000],
        [0.2005, 0.1999, 0.1999, 0.1999, 0.1998],
        [0.2003, 0.1999, 0.1998, 0.2001, 0.1999],
        [0.1999, 0.2003, 0.1999, 0.2000, 0.2000],
        [0.2000, 0.2001, 0.2002, 0.2001, 0.1996]], grad_fn=<ToCopyBackward0>)
2025-01-14 15:36:31,098 train 000 1.418167e+00 51.562500 87.500000
2025-01-14 15:37:19,105 train 050 1.307705e+00 51.868874 93.321083
2025-01-14 15:38:06,765 train 100 1.286999e+00 52.908417 93.997520
2025-01-14 15:38:54,543 train 150 1.281517e+00 53.062912 94.257034
2025-01-14 15:39:42,446 train 200 1.273293e+00 53.498135 94.465172
2025-01-14 15:40:30,506 train 250 1.260707e+00 53.847115 94.640190
2025-01-14 15:41:17,845 train 300 1.258626e+00 54.012665 94.632469
2025-01-14 15:42:05,564 train 350 1.249238e+00 54.282406 94.618057
2025-01-14 15:42:44,226 train_acc  54.455723
2025-01-14 15:42:44,228 train_loss 1.243088
2025-01-14 15:43:15,743 valid_acc  56.571999
2025-01-14 15:43:15,743 valid_loss 1.199587
2025-01-14 15:43:15,745 |nor_conv_3x3~0|+|skip_connect~0|none~1|+|none~0|skip_connect~1|nor_conv_1x1~2|
datasets : ['cifar10-valid', 'cifar10', 'cifar100', 'ImageNet16-120'], extra-info : arch-index=14987
cifar10-valid  FLOP= 47.10 M, Params=0.344 MB, latency=14.88 ms.
cifar10-valid  train : [loss = 0.006, top1 = 99.94%], valid : [loss = 0.473, top1 = 89.09%]
cifar10        FLOP= 47.10 M, Params=0.344 MB, latency=15.99 ms.
cifar10        train : [loss = 0.013, top1 = 99.76%], test  : [loss = 0.307, top1 = 92.31%]
cifar100       FLOP= 47.11 M, Params=0.350 MB, latency=15.28 ms.
cifar100       train : [loss = 0.314, top1 = 91.57%], valid : [loss = 1.261, top1 = 67.95%], test : [loss = 1.243, top1 = 68.19%]
ImageNet16-120 FLOP= 11.78 M, Params=0.351 MB, latency=13.10 ms.
ImageNet16-120 train : [loss = 2.031, top1 = 46.79%], valid : [loss = 2.303, top1 = 40.93%], test : [loss = 2.318, top1 = 41.24%]
2025-01-14 15:43:15,745 cifar10 train 99.760000 test 92.310000
2025-01-14 15:43:15,745 cifar100 train 91.570000 valid 67.950000 test 68.190000
2025-01-14 15:43:15,745 imagenet16 train 46.790000 valid 40.930000 test 41.240000
2025-01-14 15:43:15,757 epoch 4 lr 2.445969e-02
2025-01-14 15:43:15,758 genotype = Structure(4 nodes with |nor_conv_3x3~0|+|skip_connect~0|none~1|+|none~0|skip_connect~1|nor_conv_1x1~2|)
2025-01-14 15:43:15,758 tensor([[0.1998, 0.1995, 0.1999, 0.2005, 0.2003],
        [0.1999, 0.2002, 0.2001, 0.2000, 0.1999],
        [0.2004, 0.1998, 0.2000, 0.2001, 0.1997],
        [0.2004, 0.1998, 0.1998, 0.2001, 0.1998],
        [0.2000, 0.2002, 0.2000, 0.2000, 0.1999],
        [0.2001, 0.2000, 0.2002, 0.2001, 0.1995]], grad_fn=<ToCopyBackward0>)
2025-01-14 15:43:16,609 train 000 9.884844e-01 64.062500 100.000000
2025-01-14 15:44:04,747 train 050 1.178013e+00 57.873775 95.189957
2025-01-14 15:44:51,946 train 100 1.170742e+00 57.456684 95.358910
2025-01-14 15:45:40,315 train 150 1.153721e+00 57.822849 95.571190
2025-01-14 15:46:28,109 train 200 1.153628e+00 57.812500 95.646767
2025-01-14 15:47:15,349 train 250 1.154712e+00 58.024155 95.654884
2025-01-14 15:48:03,407 train 300 1.150103e+00 58.108387 95.675873
2025-01-14 15:48:51,561 train 350 1.143086e+00 58.355591 95.726494
2025-01-14 15:49:29,802 train_acc  58.587757
2025-01-14 15:49:29,804 train_loss 1.137003
2025-01-14 15:50:01,472 valid_acc  59.167999
2025-01-14 15:50:01,473 valid_loss 1.131716
2025-01-14 15:50:01,475 |nor_conv_3x3~0|+|skip_connect~0|none~1|+|none~0|skip_connect~1|nor_conv_1x1~2|
datasets : ['cifar10-valid', 'cifar10', 'cifar100', 'ImageNet16-120'], extra-info : arch-index=14987
cifar10-valid  FLOP= 47.10 M, Params=0.344 MB, latency=14.88 ms.
cifar10-valid  train : [loss = 0.006, top1 = 99.94%], valid : [loss = 0.473, top1 = 89.09%]
cifar10        FLOP= 47.10 M, Params=0.344 MB, latency=15.99 ms.
cifar10        train : [loss = 0.013, top1 = 99.76%], test  : [loss = 0.307, top1 = 92.31%]
cifar100       FLOP= 47.11 M, Params=0.350 MB, latency=15.28 ms.
cifar100       train : [loss = 0.314, top1 = 91.57%], valid : [loss = 1.261, top1 = 67.95%], test : [loss = 1.243, top1 = 68.19%]
ImageNet16-120 FLOP= 11.78 M, Params=0.351 MB, latency=13.10 ms.
ImageNet16-120 train : [loss = 2.031, top1 = 46.79%], valid : [loss = 2.303, top1 = 40.93%], test : [loss = 2.318, top1 = 41.24%]
2025-01-14 15:50:01,475 cifar10 train 99.760000 test 92.310000
2025-01-14 15:50:01,475 cifar100 train 91.570000 valid 67.950000 test 68.190000
2025-01-14 15:50:01,475 imagenet16 train 46.790000 valid 40.930000 test 41.240000
2025-01-14 15:50:01,488 epoch 5 lr 2.420423e-02
2025-01-14 15:50:01,489 genotype = Structure(4 nodes with |nor_conv_3x3~0|+|skip_connect~0|none~1|+|none~0|skip_connect~1|nor_conv_1x1~2|)
2025-01-14 15:50:01,489 tensor([[0.1998, 0.1996, 0.1998, 0.2005, 0.2004],
        [0.1997, 0.2003, 0.2000, 0.2000, 0.2000],
        [0.2005, 0.1999, 0.1999, 0.2000, 0.1998],
        [0.2003, 0.1999, 0.1998, 0.2001, 0.1999],
        [0.1999, 0.2002, 0.2000, 0.1999, 0.1999],
        [0.2000, 0.2001, 0.2002, 0.2001, 0.1996]], grad_fn=<ToCopyBackward0>)
2025-01-14 15:50:02,417 train 000 1.132003e+00 56.250000 96.875000
2025-01-14 15:50:51,006 train 050 1.101655e+00 59.987747 95.955887
2025-01-14 15:51:39,528 train 100 1.103346e+00 60.272278 96.024132
2025-01-14 15:52:27,965 train 150 1.093404e+00 60.533939 96.026489
2025-01-14 15:53:15,814 train 200 1.077933e+00 61.287312 96.004349
2025-01-14 15:54:04,106 train 250 1.071979e+00 61.516438 96.146667
2025-01-14 15:54:51,473 train 300 1.069083e+00 61.503323 96.169014
2025-01-14 15:55:39,584 train 350 1.067150e+00 61.551815 96.216171
2025-01-14 15:56:18,673 train_acc  61.472984
2025-01-14 15:56:18,675 train_loss 1.068518
2025-01-14 15:56:50,505 valid_acc  62.683998
2025-01-14 15:56:50,505 valid_loss 1.035692
2025-01-14 15:56:50,507 |avg_pool_3x3~0|+|skip_connect~0|none~1|+|none~0|skip_connect~1|nor_conv_1x1~2|
datasets : ['cifar10-valid', 'cifar10', 'cifar100', 'ImageNet16-120'], extra-info : arch-index=9178
cifar10-valid  FLOP= 11.72 M, Params=0.101 MB, latency=13.77 ms.
cifar10-valid  train : [loss = 0.031, top1 = 99.35%], valid : [loss = 0.624, top1 = 85.40%]
cifar10        FLOP= 11.72 M, Params=0.101 MB, latency=12.31 ms.
cifar10        train : [loss = 0.071, top1 = 97.75%], test  : [loss = 0.405, top1 = 88.93%]
cifar100       FLOP= 11.72 M, Params=0.107 MB, latency=11.05 ms.
cifar100       train : [loss = 0.719, top1 = 79.09%], valid : [loss = 1.372, top1 = 63.28%], test : [loss = 1.367, top1 = 64.26%]
ImageNet16-120 FLOP=  2.94 M, Params=0.108 MB, latency=12.49 ms.
ImageNet16-120 train : [loss = 2.529, top1 = 36.16%], valid : [loss = 2.644, top1 = 33.63%], test : [loss = 2.684, top1 = 34.33%]
2025-01-14 15:56:50,507 cifar10 train 97.750000 test 88.930000
2025-01-14 15:56:50,507 cifar100 train 79.090000 valid 63.280000 test 64.260000
2025-01-14 15:56:50,507 imagenet16 train 36.160000 valid 33.630000 test 34.330000
2025-01-14 15:56:50,520 epoch 6 lr 2.390474e-02
2025-01-14 15:56:50,520 genotype = Structure(4 nodes with |avg_pool_3x3~0|+|skip_connect~0|none~1|+|none~0|skip_connect~1|nor_conv_1x1~2|)
2025-01-14 15:56:50,520 tensor([[0.1997, 0.1996, 0.1998, 0.2004, 0.2004],
        [0.1997, 0.2003, 0.2001, 0.1999, 0.2000],
        [0.2005, 0.1999, 0.1999, 0.2000, 0.1998],
        [0.2003, 0.1999, 0.1997, 0.2001, 0.1999],
        [0.1999, 0.2003, 0.2000, 0.2000, 0.1999],
        [0.2000, 0.2001, 0.2002, 0.2000, 0.1996]], grad_fn=<ToCopyBackward0>)
2025-01-14 15:56:51,406 train 000 1.090717e+00 62.500000 96.875000
2025-01-14 15:57:39,644 train 050 1.020634e+00 63.112747 96.783089
2025-01-14 15:58:27,717 train 100 1.023203e+00 63.072399 96.642944
2025-01-14 15:59:15,692 train 150 1.015711e+00 63.265728 96.647354
2025-01-14 16:00:02,940 train 200 1.015590e+00 63.238495 96.727303
2025-01-14 16:00:50,970 train 250 1.012292e+00 63.471119 96.657127
2025-01-14 16:01:38,925 train 300 1.006121e+00 63.735462 96.708885
2025-01-14 16:02:26,985 train 350 1.007223e+00 63.693020 96.688034
2025-01-14 16:03:05,357 train_acc  63.842709
2025-01-14 16:03:05,359 train_loss 1.003055
2025-01-14 16:03:37,739 valid_acc  64.192001
2025-01-14 16:03:37,739 valid_loss 1.013801
2025-01-14 16:03:37,740 |avg_pool_3x3~0|+|skip_connect~0|none~1|+|none~0|skip_connect~1|nor_conv_1x1~2|
datasets : ['cifar10-valid', 'cifar10', 'cifar100', 'ImageNet16-120'], extra-info : arch-index=9178
cifar10-valid  FLOP= 11.72 M, Params=0.101 MB, latency=13.77 ms.
cifar10-valid  train : [loss = 0.031, top1 = 99.35%], valid : [loss = 0.624, top1 = 85.40%]
cifar10        FLOP= 11.72 M, Params=0.101 MB, latency=12.31 ms.
cifar10        train : [loss = 0.071, top1 = 97.75%], test  : [loss = 0.405, top1 = 88.93%]
cifar100       FLOP= 11.72 M, Params=0.107 MB, latency=11.05 ms.
cifar100       train : [loss = 0.719, top1 = 79.09%], valid : [loss = 1.372, top1 = 63.28%], test : [loss = 1.367, top1 = 64.26%]
ImageNet16-120 FLOP=  2.94 M, Params=0.108 MB, latency=12.49 ms.
ImageNet16-120 train : [loss = 2.529, top1 = 36.16%], valid : [loss = 2.644, top1 = 33.63%], test : [loss = 2.684, top1 = 34.33%]
2025-01-14 16:03:37,740 cifar10 train 97.750000 test 88.930000
2025-01-14 16:03:37,741 cifar100 train 79.090000 valid 63.280000 test 64.260000
2025-01-14 16:03:37,741 imagenet16 train 36.160000 valid 33.630000 test 34.330000
2025-01-14 16:03:37,753 epoch 7 lr 2.356240e-02
2025-01-14 16:03:37,754 genotype = Structure(4 nodes with |avg_pool_3x3~0|+|skip_connect~0|none~1|+|none~0|skip_connect~1|nor_conv_1x1~2|)
2025-01-14 16:03:37,754 tensor([[0.1998, 0.1996, 0.1998, 0.2004, 0.2004],
        [0.1998, 0.2003, 0.2000, 0.1999, 0.2000],
        [0.2004, 0.1999, 0.1998, 0.2001, 0.1997],
        [0.2004, 0.1999, 0.1998, 0.2001, 0.1999],
        [0.1999, 0.2002, 0.2000, 0.2000, 0.1999],
        [0.2001, 0.2001, 0.2001, 0.2001, 0.1996]], grad_fn=<ToCopyBackward0>)
2025-01-14 16:03:38,620 train 000 7.375310e-01 75.000000 98.437500
2025-01-14 16:04:25,894 train 050 9.819845e-01 64.736519 96.752457
2025-01-14 16:05:13,801 train 100 9.616802e-01 65.872520 96.782173
2025-01-14 16:06:01,960 train 150 9.679605e-01 65.531868 96.947433
2025-01-14 16:06:49,210 train 200 9.709141e-01 65.617226 96.999374
2025-01-14 16:07:37,182 train 250 9.653419e-01 65.500504 97.111557
2025-01-14 16:08:25,416 train 300 9.660851e-01 65.432930 97.160507
2025-01-14 16:09:13,961 train 350 9.598080e-01 65.722931 97.182159
2025-01-14 16:09:52,332 train_acc  65.644981
2025-01-14 16:09:52,334 train_loss 0.957790
2025-01-14 16:10:24,075 valid_acc  63.584000
2025-01-14 16:10:24,075 valid_loss 1.029528
2025-01-14 16:10:24,076 |nor_conv_3x3~0|+|skip_connect~0|none~1|+|none~0|skip_connect~1|nor_conv_1x1~2|
datasets : ['cifar10-valid', 'cifar10', 'cifar100', 'ImageNet16-120'], extra-info : arch-index=14987
cifar10-valid  FLOP= 47.10 M, Params=0.344 MB, latency=14.88 ms.
cifar10-valid  train : [loss = 0.006, top1 = 99.94%], valid : [loss = 0.473, top1 = 89.09%]
cifar10        FLOP= 47.10 M, Params=0.344 MB, latency=15.99 ms.
cifar10        train : [loss = 0.013, top1 = 99.76%], test  : [loss = 0.307, top1 = 92.31%]
cifar100       FLOP= 47.11 M, Params=0.350 MB, latency=15.28 ms.
cifar100       train : [loss = 0.314, top1 = 91.57%], valid : [loss = 1.261, top1 = 67.95%], test : [loss = 1.243, top1 = 68.19%]
ImageNet16-120 FLOP= 11.78 M, Params=0.351 MB, latency=13.10 ms.
ImageNet16-120 train : [loss = 2.031, top1 = 46.79%], valid : [loss = 2.303, top1 = 40.93%], test : [loss = 2.318, top1 = 41.24%]
2025-01-14 16:10:24,077 cifar10 train 99.760000 test 92.310000
2025-01-14 16:10:24,077 cifar100 train 91.570000 valid 67.950000 test 68.190000
2025-01-14 16:10:24,077 imagenet16 train 46.790000 valid 40.930000 test 41.240000
2025-01-14 16:10:24,089 epoch 8 lr 2.317856e-02
2025-01-14 16:10:24,090 genotype = Structure(4 nodes with |nor_conv_3x3~0|+|skip_connect~0|none~1|+|none~0|skip_connect~1|nor_conv_1x1~2|)
2025-01-14 16:10:24,090 tensor([[0.1998, 0.1996, 0.1998, 0.2005, 0.2004],
        [0.1998, 0.2003, 0.2001, 0.1999, 0.2000],
        [0.2005, 0.1999, 0.1999, 0.2000, 0.1997],
        [0.2004, 0.1999, 0.1998, 0.2001, 0.1999],
        [0.1999, 0.2002, 0.2000, 0.2000, 0.1999],
        [0.2001, 0.2001, 0.2002, 0.2001, 0.1996]], grad_fn=<ToCopyBackward0>)
2025-01-14 16:10:24,965 train 000 8.458596e-01 65.625000 98.437500
2025-01-14 16:11:13,271 train 050 9.462265e-01 65.104172 97.120102
2025-01-14 16:12:01,297 train 100 9.462126e-01 65.563118 97.199875
2025-01-14 16:12:49,316 train 150 9.242722e-01 66.659767 97.475166
2025-01-14 16:13:36,935 train 200 9.230800e-01 66.713310 97.504662
2025-01-14 16:14:25,354 train 250 9.279064e-01 66.552544 97.429039
2025-01-14 16:15:13,535 train 300 9.272212e-01 66.668396 97.414864
2025-01-14 16:16:01,239 train 350 9.239599e-01 66.782410 97.329056
2025-01-14 16:16:39,078 train_acc  66.871803
2025-01-14 16:16:39,080 train_loss 0.923860
2025-01-14 16:17:11,493 valid_acc  67.888000
2025-01-14 16:17:11,493 valid_loss 0.908780
2025-01-14 16:17:11,495 |nor_conv_3x3~0|+|skip_connect~0|none~1|+|none~0|skip_connect~1|nor_conv_1x1~2|
datasets : ['cifar10-valid', 'cifar10', 'cifar100', 'ImageNet16-120'], extra-info : arch-index=14987
cifar10-valid  FLOP= 47.10 M, Params=0.344 MB, latency=14.88 ms.
cifar10-valid  train : [loss = 0.006, top1 = 99.94%], valid : [loss = 0.473, top1 = 89.09%]
cifar10        FLOP= 47.10 M, Params=0.344 MB, latency=15.99 ms.
cifar10        train : [loss = 0.013, top1 = 99.76%], test  : [loss = 0.307, top1 = 92.31%]
cifar100       FLOP= 47.11 M, Params=0.350 MB, latency=15.28 ms.
cifar100       train : [loss = 0.314, top1 = 91.57%], valid : [loss = 1.261, top1 = 67.95%], test : [loss = 1.243, top1 = 68.19%]
ImageNet16-120 FLOP= 11.78 M, Params=0.351 MB, latency=13.10 ms.
ImageNet16-120 train : [loss = 2.031, top1 = 46.79%], valid : [loss = 2.303, top1 = 40.93%], test : [loss = 2.318, top1 = 41.24%]
2025-01-14 16:17:11,495 cifar10 train 99.760000 test 92.310000
2025-01-14 16:17:11,495 cifar100 train 91.570000 valid 67.950000 test 68.190000
2025-01-14 16:17:11,495 imagenet16 train 46.790000 valid 40.930000 test 41.240000
2025-01-14 16:17:11,508 epoch 9 lr 2.275473e-02
2025-01-14 16:17:11,509 genotype = Structure(4 nodes with |nor_conv_3x3~0|+|skip_connect~0|none~1|+|none~0|skip_connect~1|nor_conv_1x1~2|)
2025-01-14 16:17:11,509 tensor([[0.1998, 0.1995, 0.1998, 0.2004, 0.2004],
        [0.1998, 0.2003, 0.2001, 0.1999, 0.2000],
        [0.2005, 0.1999, 0.1999, 0.2000, 0.1997],
        [0.2004, 0.1999, 0.1998, 0.2001, 0.1999],
        [0.1999, 0.2002, 0.2000, 0.2000, 0.1999],
        [0.2001, 0.2001, 0.2002, 0.2001, 0.1996]], grad_fn=<ToCopyBackward0>)
2025-01-14 16:17:12,362 train 000 8.729438e-01 70.312500 96.875000
2025-01-14 16:18:00,068 train 050 9.012040e-01 68.137260 97.395836
2025-01-14 16:18:47,288 train 100 9.196516e-01 67.435020 97.107056
2025-01-14 16:19:35,947 train 150 9.027701e-01 67.725578 97.257866
2025-01-14 16:20:24,391 train 200 8.983200e-01 67.887123 97.356964
2025-01-14 16:21:12,174 train 250 8.890111e-01 68.270668 97.391685
2025-01-14 16:21:59,815 train 300 8.836362e-01 68.625412 97.435631
2025-01-14 16:22:47,635 train 350 8.802468e-01 68.816772 97.440346
2025-01-14 16:23:26,079 train_acc  68.801949
2025-01-14 16:23:26,081 train_loss 0.878704
2025-01-14 16:23:57,445 valid_acc  67.484001
2025-01-14 16:23:57,446 valid_loss 0.915606
2025-01-14 16:23:57,447 |nor_conv_3x3~0|+|skip_connect~0|none~1|+|none~0|skip_connect~1|nor_conv_1x1~2|
datasets : ['cifar10-valid', 'cifar10', 'cifar100', 'ImageNet16-120'], extra-info : arch-index=14987
cifar10-valid  FLOP= 47.10 M, Params=0.344 MB, latency=14.88 ms.
cifar10-valid  train : [loss = 0.006, top1 = 99.94%], valid : [loss = 0.473, top1 = 89.09%]
cifar10        FLOP= 47.10 M, Params=0.344 MB, latency=15.99 ms.
cifar10        train : [loss = 0.013, top1 = 99.76%], test  : [loss = 0.307, top1 = 92.31%]
cifar100       FLOP= 47.11 M, Params=0.350 MB, latency=15.28 ms.
cifar100       train : [loss = 0.314, top1 = 91.57%], valid : [loss = 1.261, top1 = 67.95%], test : [loss = 1.243, top1 = 68.19%]
ImageNet16-120 FLOP= 11.78 M, Params=0.351 MB, latency=13.10 ms.
ImageNet16-120 train : [loss = 2.031, top1 = 46.79%], valid : [loss = 2.303, top1 = 40.93%], test : [loss = 2.318, top1 = 41.24%]
2025-01-14 16:23:57,447 cifar10 train 99.760000 test 92.310000
2025-01-14 16:23:57,447 cifar100 train 91.570000 valid 67.950000 test 68.190000
2025-01-14 16:23:57,447 imagenet16 train 46.790000 valid 40.930000 test 41.240000
2025-01-14 16:23:57,552 epoch 10 lr 2.229259e-02
2025-01-14 16:23:57,554 genotype = Structure(4 nodes with |nor_conv_3x3~0|+|skip_connect~0|none~1|+|none~0|skip_connect~1|nor_conv_1x1~2|)
2025-01-14 16:23:57,554 tensor([[0.1998, 0.1996, 0.1998, 0.2004, 0.2004],
        [0.1998, 0.2003, 0.2001, 0.1999, 0.1999],
        [0.2005, 0.1999, 0.1999, 0.2000, 0.1997],
        [0.2004, 0.1999, 0.1998, 0.2000, 0.1999],
        [0.1999, 0.2002, 0.2001, 0.2000, 0.1999],
        [0.2001, 0.2001, 0.2002, 0.2001, 0.1996]], grad_fn=<ToCopyBackward0>)
2025-01-14 16:23:58,400 train 000 7.673497e-01 71.875000 96.875000
2025-01-14 16:24:46,759 train 050 8.587831e-01 69.148285 97.640938
2025-01-14 16:25:35,329 train 100 8.656167e-01 69.152229 97.540222
2025-01-14 16:26:23,611 train 150 8.510067e-01 69.795113 97.692467
2025-01-14 16:27:11,665 train 200 8.465425e-01 69.947136 97.613495
2025-01-14 16:27:59,734 train 250 8.490837e-01 69.683769 97.659363
2025-01-14 16:28:47,748 train 300 8.453703e-01 69.762253 97.695183
2025-01-14 16:29:36,055 train 350 8.485199e-01 69.662567 97.711891
2025-01-14 16:30:13,855 train_acc  69.681107
2025-01-14 16:30:13,857 train_loss 0.846804
2025-01-14 16:30:45,445 valid_acc  68.779999
2025-01-14 16:30:45,445 valid_loss 0.874704
2025-01-14 16:30:45,447 |nor_conv_3x3~0|+|skip_connect~0|none~1|+|none~0|skip_connect~1|nor_conv_1x1~2|
datasets : ['cifar10-valid', 'cifar10', 'cifar100', 'ImageNet16-120'], extra-info : arch-index=14987
cifar10-valid  FLOP= 47.10 M, Params=0.344 MB, latency=14.88 ms.
cifar10-valid  train : [loss = 0.006, top1 = 99.94%], valid : [loss = 0.473, top1 = 89.09%]
cifar10        FLOP= 47.10 M, Params=0.344 MB, latency=15.99 ms.
cifar10        train : [loss = 0.013, top1 = 99.76%], test  : [loss = 0.307, top1 = 92.31%]
cifar100       FLOP= 47.11 M, Params=0.350 MB, latency=15.28 ms.
cifar100       train : [loss = 0.314, top1 = 91.57%], valid : [loss = 1.261, top1 = 67.95%], test : [loss = 1.243, top1 = 68.19%]
ImageNet16-120 FLOP= 11.78 M, Params=0.351 MB, latency=13.10 ms.
ImageNet16-120 train : [loss = 2.031, top1 = 46.79%], valid : [loss = 2.303, top1 = 40.93%], test : [loss = 2.318, top1 = 41.24%]
2025-01-14 16:30:45,447 cifar10 train 99.760000 test 92.310000
2025-01-14 16:30:45,448 cifar100 train 91.570000 valid 67.950000 test 68.190000
2025-01-14 16:30:45,448 imagenet16 train 46.790000 valid 40.930000 test 41.240000
2025-01-14 16:30:45,460 epoch 11 lr 2.179395e-02
2025-01-14 16:30:45,461 genotype = Structure(4 nodes with |nor_conv_3x3~0|+|skip_connect~0|none~1|+|none~0|skip_connect~1|nor_conv_1x1~2|)
2025-01-14 16:30:45,461 tensor([[0.1998, 0.1996, 0.1998, 0.2005, 0.2004],
        [0.1997, 0.2003, 0.2001, 0.1999, 0.2000],
        [0.2004, 0.1999, 0.1999, 0.2001, 0.1997],
        [0.2004, 0.1999, 0.1998, 0.2000, 0.1999],
        [0.1999, 0.2003, 0.2000, 0.1999, 0.1999],
        [0.2000, 0.2001, 0.2002, 0.2001, 0.1996]], grad_fn=<ToCopyBackward0>)
2025-01-14 16:30:46,296 train 000 7.834049e-01 70.312500 98.437500
2025-01-14 16:31:34,761 train 050 8.429654e-01 69.883583 98.192406
2025-01-14 16:32:22,412 train 100 8.355546e-01 70.173264 97.957916
2025-01-14 16:33:10,275 train 150 8.315226e-01 70.095200 97.971855
2025-01-14 16:33:57,900 train 200 8.334468e-01 70.017097 97.924438
2025-01-14 16:34:45,806 train 250 8.294058e-01 70.150650 97.902145
2025-01-14 16:35:33,685 train 300 8.289454e-01 70.276161 97.897629
2025-01-14 16:36:20,744 train 350 8.214786e-01 70.775459 97.987892
2025-01-14 16:36:59,264 train_acc  70.975861
2025-01-14 16:36:59,266 train_loss 0.815725
2025-01-14 16:37:30,845 valid_acc  68.699997
2025-01-14 16:37:30,845 valid_loss 0.882445
2025-01-14 16:37:30,846 |nor_conv_3x3~0|+|skip_connect~0|none~1|+|none~0|skip_connect~1|nor_conv_1x1~2|
datasets : ['cifar10-valid', 'cifar10', 'cifar100', 'ImageNet16-120'], extra-info : arch-index=14987
cifar10-valid  FLOP= 47.10 M, Params=0.344 MB, latency=14.88 ms.
cifar10-valid  train : [loss = 0.006, top1 = 99.94%], valid : [loss = 0.473, top1 = 89.09%]
cifar10        FLOP= 47.10 M, Params=0.344 MB, latency=15.99 ms.
cifar10        train : [loss = 0.013, top1 = 99.76%], test  : [loss = 0.307, top1 = 92.31%]
cifar100       FLOP= 47.11 M, Params=0.350 MB, latency=15.28 ms.
cifar100       train : [loss = 0.314, top1 = 91.57%], valid : [loss = 1.261, top1 = 67.95%], test : [loss = 1.243, top1 = 68.19%]
ImageNet16-120 FLOP= 11.78 M, Params=0.351 MB, latency=13.10 ms.
ImageNet16-120 train : [loss = 2.031, top1 = 46.79%], valid : [loss = 2.303, top1 = 40.93%], test : [loss = 2.318, top1 = 41.24%]
2025-01-14 16:37:30,847 cifar10 train 99.760000 test 92.310000
2025-01-14 16:37:30,847 cifar100 train 91.570000 valid 67.950000 test 68.190000
2025-01-14 16:37:30,847 imagenet16 train 46.790000 valid 40.930000 test 41.240000
2025-01-14 16:37:30,859 epoch 12 lr 2.126079e-02
2025-01-14 16:37:30,860 genotype = Structure(4 nodes with |nor_conv_3x3~0|+|skip_connect~0|none~1|+|none~0|skip_connect~1|nor_conv_1x1~2|)
2025-01-14 16:37:30,860 tensor([[0.1998, 0.1995, 0.1998, 0.2005, 0.2004],
        [0.1998, 0.2003, 0.2000, 0.2000, 0.2000],
        [0.2004, 0.1999, 0.1999, 0.2001, 0.1997],
        [0.2004, 0.1999, 0.1997, 0.2000, 0.1999],
        [0.1999, 0.2003, 0.1999, 0.2000, 0.2000],
        [0.2000, 0.2001, 0.2002, 0.2001, 0.1996]], grad_fn=<ToCopyBackward0>)
2025-01-14 16:37:31,715 train 000 7.632502e-01 73.437500 100.000000
2025-01-14 16:38:19,609 train 050 8.011681e-01 72.334564 98.223045
2025-01-14 16:39:06,790 train 100 8.081796e-01 71.457298 98.298264
2025-01-14 16:39:54,727 train 150 8.034608e-01 71.399010 98.220200
2025-01-14 16:40:42,434 train 200 7.916418e-01 71.921638 98.204292
2025-01-14 16:41:30,550 train 250 7.941403e-01 71.756721 98.070221
2025-01-14 16:42:17,762 train 300 7.958454e-01 71.771179 98.105270
2025-01-14 16:43:05,370 train 350 7.957692e-01 71.866096 98.188210
2025-01-14 16:43:43,271 train_acc  71.914963
2025-01-14 16:43:43,273 train_loss 0.794220
2025-01-14 16:44:14,882 valid_acc  69.311996
2025-01-14 16:44:14,882 valid_loss 0.876870
2025-01-14 16:44:14,883 |avg_pool_3x3~0|+|skip_connect~0|none~1|+|none~0|skip_connect~1|nor_conv_1x1~2|
datasets : ['cifar10-valid', 'cifar10', 'cifar100', 'ImageNet16-120'], extra-info : arch-index=9178
cifar10-valid  FLOP= 11.72 M, Params=0.101 MB, latency=13.77 ms.
cifar10-valid  train : [loss = 0.031, top1 = 99.35%], valid : [loss = 0.624, top1 = 85.40%]
cifar10        FLOP= 11.72 M, Params=0.101 MB, latency=12.31 ms.
cifar10        train : [loss = 0.071, top1 = 97.75%], test  : [loss = 0.405, top1 = 88.93%]
cifar100       FLOP= 11.72 M, Params=0.107 MB, latency=11.05 ms.
cifar100       train : [loss = 0.719, top1 = 79.09%], valid : [loss = 1.372, top1 = 63.28%], test : [loss = 1.367, top1 = 64.26%]
ImageNet16-120 FLOP=  2.94 M, Params=0.108 MB, latency=12.49 ms.
ImageNet16-120 train : [loss = 2.529, top1 = 36.16%], valid : [loss = 2.644, top1 = 33.63%], test : [loss = 2.684, top1 = 34.33%]
2025-01-14 16:44:14,883 cifar10 train 97.750000 test 88.930000
2025-01-14 16:44:14,884 cifar100 train 79.090000 valid 63.280000 test 64.260000
2025-01-14 16:44:14,884 imagenet16 train 36.160000 valid 33.630000 test 34.330000
2025-01-14 16:44:14,897 epoch 13 lr 2.069520e-02
2025-01-14 16:44:14,898 genotype = Structure(4 nodes with |avg_pool_3x3~0|+|skip_connect~0|none~1|+|none~0|skip_connect~1|nor_conv_1x1~2|)
2025-01-14 16:44:14,898 tensor([[0.1998, 0.1996, 0.1998, 0.2004, 0.2004],
        [0.1997, 0.2003, 0.2001, 0.2000, 0.2000],
        [0.2004, 0.1999, 0.1999, 0.2000, 0.1997],
        [0.2003, 0.1999, 0.1998, 0.2000, 0.1999],
        [0.1999, 0.2003, 0.1999, 0.1999, 0.2000],
        [0.2000, 0.2001, 0.2002, 0.2000, 0.1996]], grad_fn=<ToCopyBackward0>)
2025-01-14 16:44:15,747 train 000 8.572880e-01 71.875000 95.312500
2025-01-14 16:45:03,439 train 050 7.737803e-01 73.529411 98.590691
2025-01-14 16:45:50,986 train 100 7.742867e-01 73.019798 98.375618
2025-01-14 16:46:39,323 train 150 7.733433e-01 72.878723 98.416801
2025-01-14 16:47:27,409 train 200 7.745539e-01 72.939987 98.437500
2025-01-14 16:48:15,537 train 250 7.754374e-01 72.808769 98.456177
2025-01-14 16:49:03,523 train 300 7.742490e-01 72.799004 98.416733
2025-01-14 16:49:51,568 train 350 7.755283e-01 72.805374 98.410789
2025-01-14 16:50:30,229 train_acc  72.682228
2025-01-14 16:50:30,231 train_loss 0.776082
2025-01-14 16:51:01,822 valid_acc  72.220001
2025-01-14 16:51:01,822 valid_loss 0.799278
2025-01-14 16:51:01,824 |nor_conv_3x3~0|+|skip_connect~0|none~1|+|none~0|skip_connect~1|nor_conv_1x1~2|
datasets : ['cifar10-valid', 'cifar10', 'cifar100', 'ImageNet16-120'], extra-info : arch-index=14987
cifar10-valid  FLOP= 47.10 M, Params=0.344 MB, latency=14.88 ms.
cifar10-valid  train : [loss = 0.006, top1 = 99.94%], valid : [loss = 0.473, top1 = 89.09%]
cifar10        FLOP= 47.10 M, Params=0.344 MB, latency=15.99 ms.
cifar10        train : [loss = 0.013, top1 = 99.76%], test  : [loss = 0.307, top1 = 92.31%]
cifar100       FLOP= 47.11 M, Params=0.350 MB, latency=15.28 ms.
cifar100       train : [loss = 0.314, top1 = 91.57%], valid : [loss = 1.261, top1 = 67.95%], test : [loss = 1.243, top1 = 68.19%]
ImageNet16-120 FLOP= 11.78 M, Params=0.351 MB, latency=13.10 ms.
ImageNet16-120 train : [loss = 2.031, top1 = 46.79%], valid : [loss = 2.303, top1 = 40.93%], test : [loss = 2.318, top1 = 41.24%]
2025-01-14 16:51:01,824 cifar10 train 99.760000 test 92.310000
2025-01-14 16:51:01,824 cifar100 train 91.570000 valid 67.950000 test 68.190000
2025-01-14 16:51:01,824 imagenet16 train 46.790000 valid 40.930000 test 41.240000
2025-01-14 16:51:01,842 epoch 14 lr 2.009943e-02
2025-01-14 16:51:01,843 genotype = Structure(4 nodes with |nor_conv_3x3~0|+|skip_connect~0|none~1|+|none~0|skip_connect~1|nor_conv_1x1~2|)
2025-01-14 16:51:01,843 tensor([[0.1998, 0.1995, 0.1998, 0.2005, 0.2004],
        [0.1998, 0.2002, 0.2001, 0.2000, 0.2000],
        [0.2005, 0.1999, 0.1999, 0.2000, 0.1998],
        [0.2004, 0.1998, 0.1997, 0.2002, 0.1999],
        [0.2000, 0.2002, 0.1999, 0.1999, 0.1999],
        [0.2000, 0.2001, 0.2002, 0.2001, 0.1996]], grad_fn=<ToCopyBackward0>)
2025-01-14 16:51:02,884 train 000 5.031159e-01 82.812500 98.437500
2025-01-14 16:51:51,089 train 050 7.367168e-01 74.356621 98.253677
2025-01-14 16:52:39,357 train 100 7.582582e-01 73.623146 98.329208
2025-01-14 16:53:27,216 train 150 7.472600e-01 73.965233 98.344368
2025-01-14 16:54:15,266 train 200 7.484369e-01 73.771767 98.336441
2025-01-14 16:55:03,166 train 250 7.423928e-01 74.022659 98.331673
2025-01-14 16:55:50,363 train 300 7.416491e-01 74.060425 98.370018
2025-01-14 16:56:38,476 train 350 7.424023e-01 74.123039 98.286148
2025-01-14 16:57:17,480 train_acc  74.164803
2025-01-14 16:57:17,482 train_loss 0.741664
2025-01-14 16:57:49,091 valid_acc  72.507996
2025-01-14 16:57:49,091 valid_loss 0.784878
2025-01-14 16:57:49,093 |nor_conv_3x3~0|+|skip_connect~0|none~1|+|none~0|skip_connect~1|nor_conv_1x1~2|
datasets : ['cifar10-valid', 'cifar10', 'cifar100', 'ImageNet16-120'], extra-info : arch-index=14987
cifar10-valid  FLOP= 47.10 M, Params=0.344 MB, latency=14.88 ms.
cifar10-valid  train : [loss = 0.006, top1 = 99.94%], valid : [loss = 0.473, top1 = 89.09%]
cifar10        FLOP= 47.10 M, Params=0.344 MB, latency=15.99 ms.
cifar10        train : [loss = 0.013, top1 = 99.76%], test  : [loss = 0.307, top1 = 92.31%]
cifar100       FLOP= 47.11 M, Params=0.350 MB, latency=15.28 ms.
cifar100       train : [loss = 0.314, top1 = 91.57%], valid : [loss = 1.261, top1 = 67.95%], test : [loss = 1.243, top1 = 68.19%]
ImageNet16-120 FLOP= 11.78 M, Params=0.351 MB, latency=13.10 ms.
ImageNet16-120 train : [loss = 2.031, top1 = 46.79%], valid : [loss = 2.303, top1 = 40.93%], test : [loss = 2.318, top1 = 41.24%]
2025-01-14 16:57:49,093 cifar10 train 99.760000 test 92.310000
2025-01-14 16:57:49,093 cifar100 train 91.570000 valid 67.950000 test 68.190000
2025-01-14 16:57:49,093 imagenet16 train 46.790000 valid 40.930000 test 41.240000
2025-01-14 16:57:49,105 epoch 15 lr 1.947582e-02
2025-01-14 16:57:49,106 genotype = Structure(4 nodes with |nor_conv_3x3~0|+|skip_connect~0|none~1|+|none~0|skip_connect~1|nor_conv_1x1~2|)
2025-01-14 16:57:49,106 tensor([[0.1998, 0.1995, 0.1998, 0.2004, 0.2004],
        [0.1998, 0.2002, 0.2002, 0.1999, 0.1999],
        [0.2004, 0.1999, 0.2000, 0.2001, 0.1997],
        [0.2004, 0.1999, 0.1998, 0.2000, 0.1999],
        [0.1999, 0.2002, 0.2000, 0.2000, 0.1999],
        [0.2001, 0.2001, 0.2002, 0.2001, 0.1996]], grad_fn=<ToCopyBackward0>)
2025-01-14 16:57:49,961 train 000 7.573199e-01 67.187500 98.437500
2025-01-14 16:58:38,255 train 050 7.452559e-01 73.253677 98.345589
2025-01-14 16:59:26,708 train 100 7.201782e-01 74.195541 98.468437
2025-01-14 17:00:14,724 train 150 7.232453e-01 74.048012 98.478889
2025-01-14 17:01:02,045 train 200 7.221209e-01 74.121574 98.398628
2025-01-14 17:01:50,118 train 250 7.251486e-01 74.078690 98.487305
2025-01-14 17:02:38,449 train 300 7.201613e-01 74.340736 98.494598
2025-01-14 17:03:26,566 train 350 7.124810e-01 74.643875 98.535431
2025-01-14 17:04:05,198 train_acc  74.624359
2025-01-14 17:04:05,200 train_loss 0.714350
2025-01-14 17:04:37,732 valid_acc  73.615997
2025-01-14 17:04:37,732 valid_loss 0.744404
2025-01-14 17:04:37,734 |avg_pool_3x3~0|+|skip_connect~0|none~1|+|none~0|skip_connect~1|nor_conv_1x1~2|
datasets : ['cifar10-valid', 'cifar10', 'cifar100', 'ImageNet16-120'], extra-info : arch-index=9178
cifar10-valid  FLOP= 11.72 M, Params=0.101 MB, latency=13.77 ms.
cifar10-valid  train : [loss = 0.031, top1 = 99.35%], valid : [loss = 0.624, top1 = 85.40%]
cifar10        FLOP= 11.72 M, Params=0.101 MB, latency=12.31 ms.
cifar10        train : [loss = 0.071, top1 = 97.75%], test  : [loss = 0.405, top1 = 88.93%]
cifar100       FLOP= 11.72 M, Params=0.107 MB, latency=11.05 ms.
cifar100       train : [loss = 0.719, top1 = 79.09%], valid : [loss = 1.372, top1 = 63.28%], test : [loss = 1.367, top1 = 64.26%]
ImageNet16-120 FLOP=  2.94 M, Params=0.108 MB, latency=12.49 ms.
ImageNet16-120 train : [loss = 2.529, top1 = 36.16%], valid : [loss = 2.644, top1 = 33.63%], test : [loss = 2.684, top1 = 34.33%]
2025-01-14 17:04:37,734 cifar10 train 97.750000 test 88.930000
2025-01-14 17:04:37,734 cifar100 train 79.090000 valid 63.280000 test 64.260000
2025-01-14 17:04:37,734 imagenet16 train 36.160000 valid 33.630000 test 34.330000
2025-01-14 17:04:37,748 epoch 16 lr 1.882682e-02
2025-01-14 17:04:37,749 genotype = Structure(4 nodes with |avg_pool_3x3~0|+|skip_connect~0|none~1|+|none~0|skip_connect~1|nor_conv_1x1~2|)
2025-01-14 17:04:37,749 tensor([[0.1998, 0.1996, 0.1998, 0.2004, 0.2004],
        [0.1998, 0.2002, 0.2001, 0.1999, 0.1999],
        [0.2005, 0.1999, 0.2000, 0.2000, 0.1997],
        [0.2004, 0.1999, 0.1998, 0.2001, 0.1999],
        [0.1999, 0.2002, 0.2000, 0.2000, 0.1999],
        [0.2001, 0.2001, 0.2002, 0.2000, 0.1996]], grad_fn=<ToCopyBackward0>)
2025-01-14 17:04:38,594 train 000 7.837493e-01 73.437500 98.437500
2025-01-14 17:05:25,881 train 050 6.935933e-01 76.378677 98.529419
2025-01-14 17:06:13,933 train 100 6.817369e-01 76.902847 98.422028
2025-01-14 17:07:01,684 train 150 6.837381e-01 76.427979 98.530632
2025-01-14 17:07:48,938 train 200 6.906050e-01 76.088310 98.624062
2025-01-14 17:08:36,832 train 250 6.862675e-01 76.070717 98.692734
2025-01-14 17:09:24,654 train 300 6.903311e-01 75.887665 98.676285
